pixel 0
-19.8750,  -0.8750,  -9.5000, -23.8750, -29.2500, -17.3750, -32.1250, -25.2500, -31.8750,  -8.5000,   7.7500, -15.6250, -29.7500, -29.3750, -30.1250, -25.1250
pixel 1
-35.3750, -19.8750,  -4.8750, -19.8750, -34.7500, -26.5000, -51.5000, -44.0000, -25.6250, -13.8750,  12.6250, -11.5000, -32.3750, -39.1250, -35.1250, -25.7500
pixel 2
1.1250, -14.1250, -19.6250,  -7.7500, -10.6250, -34.0000, -10.1250, 12.3750, -42.2500, -26.7500, -31.1250, -14.6250, -25.5000, -28.8750, -30.7500, -38.2500
pixel 3 
-15.1250, -18.1250, -31.1250, -32.7500,  -2.7500,  -8.7500, -20.3750, -22.2500, -36.8750,  -6.5000, -13.3750, -28.1250, -35.2500,  14.6250, -13.0000, -29.0000
pixel 4
-27.1250, -16.6250,   7.3750, -14.2500, -15.8750, -28.6250, -43.6250, -35.7500, -13.5000, -15.6250, -14.3750, -16.7500,  -5.5000, -20.2500, -31.5000, -26.0000
pixel 5
-18.2500, -11.3750, -23.3750, -33.7500, -17.0000, -22.6250, -39.6250, -38.2500, -36.7500,   0.8750,  -6.7500, -18.6250, -30.5000, -25.3750, -24.8750, -26.2500
